00000000000000000000001010011010 00000000000000000000000000000000 00000000000000000000000000000010 00000000000000000000000000000011 00000000000000000000000000000000
00000000000000000000001010011010 00000000000000000000000000000000 00000000000000000000000000000010 00000000000000000000000000000100 00000000000000000000000000000000
00000000000000000000001010011010 00000000000000000000000000000000 00000000000000000000000000000010 00000000000000000000000000000101 00000000000000000000000000000000
00000000000000000000001010011010 00000000000000000000000000000000 00000000000000000000000000000010 00000000000000000000000000000001 00000000000000000000000000000001
00000000000000000000001010011010 00000000000000000000000000000000 00000000000000000000000000000010 00000000000000000000000000000010 00000000000000000000000000000001
00000000000000000000001010011010 00000000000000000000000000000000 00000000000000000000000000000001 00000000000000000000000000000110
00000000000000000000001010011010 00000000000000000000000000000000 00000000000000000000000000000011 00000000000000100000000000000000 00000000000000110000000000011000 00000000000011000001110100000000
00000000000000000000001010011010 00000000000000000000000000000000 00000000000000000000000000000011 00000000000000100000000000000000 00000000111111110000000000000000 00000000000011000001110100000000
00000000000000000000001010011010 00000000000000000000000000000000 00000000000000000000000000000011 00000000000000100000000000000000 00000000000000010000000000011000 00000000000011000001110100000000
00000000000000000000001010011010 00000000000000000000000000000000 00000000000000000000000000000011 00000000000000100000000000000000 00000000000000000000000000011000 00000000000011000001110100000000
00000000000000000000001010011010 00000000000000000000000000000000 00000000000000000000000000000011 00000000000000100000000000000000 00000000000000100000000000011000 00000000000011000001110100000000
00000000000000000000001010011010 00000000000000000000000000000000 00000000000000000000000000000011 00000000000000100000000000000000 00000000000000110000000000011000 00000000000001111100000000000000
00000000000000000000001010011010 00000000000000000000000000000000 00000000000000000000000000000011 00000000000000100000000000000000 00000000000000110000000000011000 00000000000010111111001100110011
00000000000000000000001010011010 00000000000000000000000000000000 00000000000000000000000000000011 00000000000000100000000000000000 00000000000000110000000000011000 00000000000001011110110011001100
00000000000000000000001010011010 00000000000000000000000000000000 00000000000000000000000000000011 00000000000000100000000000000000 00000000000000110000000000011000 00000000000011001111001100110011
00000000000000000000001010011010 00000000000000000000000000000000 00000000000000000000000000000011 00000000000000100000000000000000 00000000000000110000000000011000 00000000000000111110110011001100
00000000000000000000001010011010 00000000000000000000000000000000 00000000000000000000000000000011 00000000000000100000000000000000 00000000000000110000000000011000 00000000000010101101001100110011
00000000000000000000001010011010 00000000000000000000000000000000 00000000000000000000000000000011 00000000000000100000000000000000 00000000000000110000000000011000 00000000000001001110110011001100
00000000000000000000001010011010 00000000000000000000000000000000 00000000000000000000000000000011 00000000000000100000000000000000 00000000000000110000000000011000 00000000000011101101001100110011
00000000000000000000001010011010 00000000000000000000000000000000 00000000000000000000000000000011 00000000000000100000000000000000 00000000000000110000000000011000 00000000000000001100000000000000
00000000000000000000001010011010 00000000000000000000000000000000 00000000000000000000000000000011 00000000000000100000000000000000 00000000000000110000000000011000 00000000000001101110110011001100
00000000000000000000001010011010 00000000000000000000000000000000 00000000000000000000000000000011 00000000000000100000000000000000 00000000000000110000000000011000 00000000000011011101001100110011
00000000000000000000001010011010 00000000000000000000000000000000 00000000000000000000000000000011 00000000000000100000000000000000 00000000000000110000000000011000 00000000000000101110110011001100
00000000000000000000001010011010 00000000000000000000000000000000 00000000000000000000000000000011 00000000000000100000000000000000 00000000000000110000000000011000 00000000000000011110110011001100
00000000000000000000001010011010 00000000000000000000000000000000 00000000000000000000000000000011 00000000000000100000000000000000 00000000000000110000000000011000 00000000000011111111001100110011
00000000000000000000001010011010 00000000000000000000000000000000 00000000000000000000000000000011 00000000000000100000000000000000 00000000000000110000000000011000 00000000000010011101001100110011
00000000000000000000001010011010 00000000000000000000000000000000 00000000000000000000000000000011 00000000000000100000000000000000 00000000000000110000000000011000 00000000000010001111001100110011
00000000000000000000001010011010 00000000000000000000000000000000 00000000000000000000000000000011 00000000000000100000000000000000 00000000111111110000000000000000 00000000000000001110000000000000
00000000000000000000001010011010 00000000000000000000000000000000 00000000000000000000000000000011 00000000000000100000000000000000 00000000111111110000000000000000 00000000000000001110000000000000
00000000000000000000001010011010 00000000000000000000000000000000 00000000000000000000000000000011 00000000000000100000000000000000 00000000000000010000000000011000 00000000000010001100110011001100
00000000000000000000001010011010 00000000000000000000000000000000 00000000000000000000000000000011 00000000000000100000000000000000 00000000111111110000000000000000 00000000000000001110000000000000
00000000000000000000001010011010 00000000000000000000000000000000 00000000000000000000000000000011 00000000000000100000000000000000 00000000000000000000000000011000 00000000000011111100110011001100
00000000000000000000001010011010 00000000000000000000000000000000 00000000000000000000000000000011 00000000000000100000000000000000 00000000000000100000000000011000 00000000000011111100110011001100
00000000000000000000001010011010 00000000000000000000000000000000 00000000000000000000000000000011 00000000000000100000000000000000 00000000000000010000000000011000 00000000000001111100110011001100
00000000000000000000001010011010 00000000000000000000000000000000 00000000000000000000000000000011 00000000000000100000000000000000 00000000111111110000000000000000 00000000000000001110000000000000
00000000000000000000001010011010 00000000000000000000000000000000 00000000000000000000000000000011 00000000000000100000000000000000 00000000000000010000000000011000 00000000000011111110000000000000
00000000000000000000001010011010 00000000000000000000000000000000 00000000000000000000000000000011 00000000000000100000000000000000 00000000111111110000000000000000 00000000000000001110000000000000
00000000000000000000001010011010 00000000000000000000000000000000 00000000000000000000000000000011 00000000000000100000000000000000 00000000000000100000000000011000 00000000000010111100110011001100
00000000000000000000001010011010 00000000000000000000000000000000 00000000000000000000000000000011 00000000000000100000000000000000 00000000000000010000000000011000 00000000000010111100110011001100
00000000000000000000001010011010 00000000000000000000000000000000 00000000000000000000000000000011 00000000000000100000000000000000 00000000000000000000000000011000 00000000000010111100110011001100
00000000000000000000001010011010 00000000000000000000000000000000 00000000000000000000000000000011 00000000000000100000000000000000 00000000000000000000000000011000 00000000000001111100110011001100
00000000000000000000001010011010 00000000000000000000000000000000 00000000000000000000000000000011 00000000000000100000000000000000 00000000000000100000000000011000 00000000000010001100110011001100
00000000000000000000001010011010 00000000000000000000000000000000 00000000000000000000000000000011 00000000000000100000000000000000 00000000000000100000000000011000 00000000000001111100110011001100
00000000000000000000001010011010 00000000000000000000000000000000 00000000000000000000000000000011 00000000000000100000000000000000 00000000000000000000000000011000 00000000000010001100110011001100
00000000000000000000001010011010 00000000000000000000000000000000 00000000000000000000000000000011 00000000000000100000000000000000 00000000000000010000000000011000 00000000000000001100110011001100
00000000000000000000001010011010 00000000000000000000000000000000 00000000000000000000000000000011 00000000000000100000000000000000 00000000000000100000000000011000 00000000000000001110000000000000
00000000000000000000001010011010 00000000000000000000000000000000 00000000000000000000000000000011 00000000000000100000000000000000 00000000111111110000000000000000 00000000000000001110000000000000
00000000000000000000001010011010 00000000000000000000000000000000 00000000000000000000000000000011 00000000000000100000000000000000 00000000000000000000000000011000 00000000000000001100110011001100
00000000000000000000001010011010 00000000000000000000000000000000 00000000000000000000000000000011 00000000000000100000000000000000 00000000000000000000000000011000 00000000000011001100110011001100
00000000000000000000001010011010 00000000000000000000000000000000 00000000000000000000000000000011 00000000000000100000000000000000 00000000000000010000000000011000 00000000000011001100110011001100
00000000000000000000001010011010 00000000000000000000000000000000 00000000000000000000000000000011 00000000000000100000000000000000 00000000000000100000000000011000 00000000000011001100110011001100
00000000000000000000001010011010 00000000000000000000000000000000 00000000000000000000000000000011 00000000000000100000000000000000 00000000111111110000000000000000 00000000000000001110000000000000
00000000000000000000001010011010 00000000000000000000000000000000 00000000000000000000000000000011 00000000000000100000000000000000 00000000000000000000000000011000 00000000000001001100110011001100
00000000000000000000001010011010 00000000000000000000000000000000 00000000000000000000000000000011 00000000000000100000000000000000 00000000000000010000000000011000 00000000000001001100110011001100
00000000000000000000001010011010 00000000000000000000000000000000 00000000000000000000000000000011 00000000000000100000000000000000 00000000000000100000000000011000 00000000000001001100110011001100
00000000000000000000001010011010 00000000000000000000000000000000 00000000000000000000000000000011 00000000000000100000000000000000 00000000000000100000000000011000 00000000000000111110000000000000
00000000000000000000001010011010 00000000000000000000000000000000 00000000000000000000000000000011 00000000000000100000000000000000 00000000000000010000000000011000 00000000000000111100110011001100
00000000000000000000001010011010 00000000000000000000000000000000 00000000000000000000000000000011 00000000000000100000000000000000 00000000000000000000000000011000 00000000000000111100110011001100
00000000000000000000001010011010 00000000000000000000000000000000 00000000000000000000000000000011 00000000000000100000000000000000 00000000111111110000000000000000 00000000000000001110000000000000
00000000000000000000001010011010 00000000000000000000000000000000 00000000000000000000000000000011 00000000000000100000000000000000 00000000111111110000000000000000 00000000000000001110000000000000
00000000000000000000001010011010 00000000000000000000000000000000 00000000000000000000000000000011 00000000000000100000000000000000 00000000111111110000000000000000 00000000000000001110000000000000
00000000000000000000001010011010 00000000000000000000000000000000 00000000000000000000000000000011 00000000000000100000000000000000 00000000000000010000000000011000 00000000000010011110010001000100
00000000000000000000001010011010 00000000000000000000000000000000 00000000000000000000000000000011 00000000000000100000000000000000 00000000111111110000000000000000 00000000000000001110000000000000
00000000000000000000001010011010 00000000000000000000000000000000 00000000000000000000000000000011 00000000000000100000000000000000 00000000000000000000000000011000 00000000000011101110010001000100
00000000000000000000001010011010 00000000000000000000000000000000 00000000000000000000000000000011 00000000000000100000000000000000 00000000000000100000000000011000 00000000000011101110010001000100
00000000000000000000001010011010 00000000000000000000000000000000 00000000000000000000000000000011 00000000000000100000000000000000 00000000000000010000000000011000 00000000000001101110011001100110
00000000000000000000001010011010 00000000000000000000000000000000 00000000000000000000000000000011 00000000000000100000000000000000 00000000111111110000000000000000 00000000000000001110000000000000
00000000000000000000001010011010 00000000000000000000000000000000 00000000000000000000000000000011 00000000000000100000000000000000 00000000000000010000000000011000 00000000000011101110000000000000
00000000000000000000001010011010 00000000000000000000000000000000 00000000000000000000000000000011 00000000000000100000000000000000 00000000111111110000000000000000 00000000000000001110000000000000
00000000000000000000001010011010 00000000000000000000000000000000 00000000000000000000000000000011 00000000000000100000000000000000 00000000000000100000000000011000 00000000000010101110010001000100
00000000000000000000001010011010 00000000000000000000000000000000 00000000000000000000000000000011 00000000000000100000000000000000 00000000000000010000000000011000 00000000000010101110010001000100
00000000000000000000001010011010 00000000000000000000000000000000 00000000000000000000000000000011 00000000000000100000000000000000 00000000000000000000000000011000 00000000000010101110010001000100
00000000000000000000001010011010 00000000000000000000000000000000 00000000000000000000000000000011 00000000000000100000000000000000 00000000000000000000000000011000 00000000000001101110010001000100
00000000000000000000001010011010 00000000000000000000000000000000 00000000000000000000000000000011 00000000000000100000000000000000 00000000000000100000000000011000 00000000000010011110010001000100
00000000000000000000001010011010 00000000000000000000000000000000 00000000000000000000000000000011 00000000000000100000000000000000 00000000000000100000000000011000 00000000000001101110010001000100
00000000000000000000001010011010 00000000000000000000000000000000 00000000000000000000000000000011 00000000000000100000000000000000 00000000000000000000000000011000 00000000000010011110010001000100
00000000000000000000001010011010 00000000000000000000000000000000 00000000000000000000000000000011 00000000000000100000000000000000 00000000000000010000000000011000 00000000000000011110010001000100
00000000000000000000001010011010 00000000000000000000000000000000 00000000000000000000000000000011 00000000000000100000000000000000 00000000000000100000000000011000 00000000000000011110000000000000
00000000000000000000001010011010 00000000000000000000000000000000 00000000000000000000000000000011 00000000000000100000000000000000 00000000111111110000000000000000 00000000000000001110000000000000
00000000000000000000001010011010 00000000000000000000000000000000 00000000000000000000000000000011 00000000000000100000000000000000 00000000000000000000000000011000 00000000000000011110010001000100
00000000000000000000001010011010 00000000000000000000000000000000 00000000000000000000000000000011 00000000000000100000000000000000 00000000000000000000000000011000 00000000000011011110010001000100
00000000000000000000001010011010 00000000000000000000000000000000 00000000000000000000000000000011 00000000000000100000000000000000 00000000000000010000000000011000 00000000000011011110010001000100
00000000000000000000001010011010 00000000000000000000000000000000 00000000000000000000000000000011 00000000000000100000000000000000 00000000000000100000000000011000 00000000000011011110010001000100
00000000000000000000001010011010 00000000000000000000000000000000 00000000000000000000000000000011 00000000000000100000000000000000 00000000111111110000000000000000 00000000000000001110000000000000
00000000000000000000001010011010 00000000000000000000000000000000 00000000000000000000000000000011 00000000000000100000000000000000 00000000000000000000000000011000 00000000000001011110010001000100
00000000000000000000001010011010 00000000000000000000000000000000 00000000000000000000000000000011 00000000000000100000000000000000 00000000000000010000000000011000 00000000000001011110010001000100
00000000000000000000001010011010 00000000000000000000000000000000 00000000000000000000000000000011 00000000000000100000000000000000 00000000000000100000000000011000 00000000000001011110010001000100
00000000000000000000001010011010 00000000000000000000000000000000 00000000000000000000000000000011 00000000000000100000000000000000 00000000000000100000000000011000 00000000000000101110000000000000
00000000000000000000001010011010 00000000000000000000000000000000 00000000000000000000000000000011 00000000000000100000000000000000 00000000000000010000000000011000 00000000000000101110011001100110
00000000000000000000001010011010 00000000000000000000000000000000 00000000000000000000000000000011 00000000000000100000000000000000 00000000000000000000000000011000 00000000000000101110010001000100
00000000000000000000001010011010 00000000000000000000000000000000 00000000000000000000000000000011 00000000000000100000000000000000 00000000111111110000000000000000 00000000000000001110000000000000
00000000000000000000001010011010 00000000000000000000000000000001 00000000000000000000000000000101 00000000000000000000000000000001 00000000000000000000000000000000 10000000000000000000011100000000 00000000000000000000000000000000 00000000000010000000001111111111
00000000000000000000001010011010 00000000000000000000000000000001 00000000000000000000000000000101 00000000000000000000000000000001 00000000000000000000000000000001 00000000000000000000000000000000 00000000001000001001000000111011 10100100000000000000010111011100
00000000000000000000001010011010 00000000000000000000000000000001 00000000000000000000000000000101 00000000000000000000000000000001 00000000000000000000000000000010 00000000000000000000000000000000 00000000001000001001010000111011 10110100000000000000010111011100
00000000000000000000001010011010 00000000000000000000000000000001 00000000000000000000000000000101 00000000000000000000000000000001 00000000000000000000000000000011 00000000000000000000000000000000 00000000001000001000010000111011 10010100000000000000010111011100
00000000000000000000001010011010 00000000000000000000000000000001 00000000000000000000000000000101 00000000000000000000000000000001 00000000000000000000000000000100 00000000000000000000000000000000 00000000001000001110010000111011 10010111000000000000010111011100
00000000000000000000001010011010 00000000000000000000000000000001 00000000000000000000000000000101 00000000000000000000000000000001 00000000000000000000000000000101 00000000000000000000000000000000 00000000001000001110110000111011 10011111000000000000010111011100
00000000000000000000001010011010 00000000000000000000000000000001 00000000000000000000000000000101 00000000000000000000000000000001 00000000000000000000000000000110 00000000000000000000000000000000 00000000001000001110100000111011 10001111000000000000010111011100
00000000000000000000001010011010 00000000000000000000000000000001 00000000000000000000000000000101 00000000000000000000000000000001 00000000000000000000000000000111 00000000000000000000000000000000 00000000001000001000100000111011 10001100000000000000010111011100
00000000000000000000001010011010 00000000000000000000000000000001 00000000000000000000000000000101 00000000000000000000000000000001 00000000000000000000000000001000 10000000000000000000010000000000 00000001000000000000000000000000 00000000000011010000001111111111
00000000000000000000001010011010 00000000000000000000000000000001 00000000000000000000000000000101 00000000000000000000000000000001 00000000000000000000000000001001 00000000000000000000000000000000 00000000001000001000000000111011 10000100000000000000010111011100
00000000000000000000001010011010 00000000000000000000000000000001 00000000000000000000000000000101 00000000000000000000000000000001 00000000000000000000000000001010 00000000000000000000000000000000 00000000001000001000000000001010 00000100000000000000011111010000
00000000000000000000001010011010 00000000000000000000000000000001 00000000000000000000000000000101 00000000000000000000000000000001 00000000000000000000000000001011 00000000000000000000000000000000 00000000001000001000000000000000 00000100000000000000011111010000
00000000000000000000001010011010 00000000000000000000000000000001 00000000000000000000000000000101 00000000000000000000000000000001 00000000000000000000000000001100 00000000000000000000000000000000 00000000001000001000000000110001 10000100000000000000010111011100
00000000000000000000001010011010 00000000000000000000000000000001 00000000000000000000000000000101 00000000000000000000000000000001 00000000000000000000000000001101 10000000000000000000000100000000 00000000000000000000000000000000 00000000000011110000001111111111
00000000000000000000001010011010 00000000000000000000000000000001 00000000000000000000000000000101 00000000000000000000000000000001 00000000000000000000000000001110 00000000000000000000000000000000 00000000001000001000000000110001 10000100000000000000000000000010
00000000000000000000001010011010 00000000000000000000000000000001 00000000000000000000000000000101 00000000000000000000000000000001 00000000000000000000000000001111 10000000000000000000011100000000 00000001000000000000000000000000 00000000000101110000001111111111
00000000000000000000001010011010 00000000000000000000000000000001 00000000000000000000000000000101 00000000000000000000000000000001 00000000000000000000000000010000 00000000000000000000000000000000 00000000010000001000000000010001 00000100000000000000000000010000
00000000000000000000001010011010 00000000000000000000000000000001 00000000000000000000000000000101 00000000000000000000000000000001 00000000000000000000000000010001 00000000000000000000000000000000 00000000010000000000000000010001 00000000000000000000000000001010
00000000000000000000001010011010 00000000000000000000000000000001 00000000000000000000000000000101 00000000000000000000000000000001 00000000000000000000000000010010 00000000000000000000000000000000 00000000010000000000000001010101 01000000000000000000000000000100
00000000000000000000001010011010 00000000000000000000000000000001 00000000000000000000000000000101 00000000000000000000000000000001 00000000000000000000000000010011 00000000000000000000000000000000 00000000010000000000000001000100 01000000000000000000000000100000
00000000000000000000001010011010 00000000000000000000000000000001 00000000000000000000000000000101 00000000000000000000000000000001 00000000000000000000000000010100 00000000000000000000000000000000 00000000010000000000000001100100 11000000000000000000000000000100
00000000000000000000001010011010 00000000000000000000000000000001 00000000000000000000000000000101 00000000000000000000000000000001 00000000000000000000000000010101 00000000000000000000000000000000 00000000010000000000000000100000 10000000000000000000000000100000
00000000000000000000001010011010 00000000000000000000000000000001 00000000000000000000000000000101 00000000000000000000000000000001 00000000000000000000000000010110 00000000000000000000000000000000 00000000010000000000000000110001 10000000000000000000000000000100
00000000000000000000001010011010 00000000000000000000000000000001 00000000000000000000000000000101 00000000000000000000000000000001 00000000000000000000000000010111 10000000000000000000100000000000 00000100000000000000000000000000 00000000001000000000001111111111
00000000000000000000001010011010 00000000000000000000000000000001 00000000000000000000000000000101 00000000000000000000000000000001 00000000000000000000000000011000 00000000000000000000000000000000 00000000010000000000000000010001 00000000000000000000000000001010
00000000000000000000001010011010 00000000000000000000000000000001 00000000000000000000000000000101 00000000000000000000000000000001 00000000000000000000000000011001 00000000000000000000000000000000 00000000010000001000000000010001 00000100000000000000000000000110
00000000000000000000001010011010 00000000000000000000000000000001 00000000000000000000000000000101 00000000000000000000000000000001 00000000000000000000000000011010 00000000000000000000000000000000 00000000010000000000000000010001 00000000000000000000000000001010
00000000000000000000001010011010 00000000000000000000000000000001 00000000000000000000000000000101 00000000000000000000000000000001 00000000000000000000000000011011 00000000000000000000000000000000 00000000010000000000000001010101 01000000000000000000000000000100
00000000000000000000001010011010 00000000000000000000000000000001 00000000000000000000000000000101 00000000000000000000000000000001 00000000000000000000000000011100 00000000000000000000000000000000 00000000010000000000000001000100 01000000000000000000000000100000
00000000000000000000001010011010 00000000000000000000000000000001 00000000000000000000000000000101 00000000000000000000000000000001 00000000000000000000000000011101 00000000000000000000000000000000 00000000010000000000000001100100 11000000000000000000000000000100
00000000000000000000001010011010 00000000000000000000000000000001 00000000000000000000000000000101 00000000000000000000000000000001 00000000000000000000000000011110 00000000000000000000000000000000 00000000010000000000000000100000 10000000000000000000000000100000
00000000000000000000001010011010 00000000000000000000000000000001 00000000000000000000000000000101 00000000000000000000000000000001 00000000000000000000000000011111 00000000000000000000000000000000 00000000010000000000000000110001 10000000000000000000000000000100
00000000000000000000001010011010 00000000000000000000000000000001 00000000000000000000000000000101 00000000000000000000000000000001 00000000000000000000000000100000 10000000000000000000001000000000 00000001000000000000000000000000 00000000001000110000001111111111
00000000000000000000001010011010 00000000000000000000000000000001 00000000000000000000000000000101 00000000000000000000000000000001 00000000000000000000000000100001 00000000000000000000000000000000 00000000010000000000000000110001 10000000000000000000000000001010
00000000000000000000001010011010 00000000000000000000000000000001 00000000000000000000000000000101 00000000000000000000000000000001 00000000000000000000000000100010 00000000000000000000000000000000 00000000001000001000000000110001 10000100000000000000010111011100
00000000000000000000001010011010 00000000000000000000000000000001 00000000000000000000000000000101 00000000000000000000000000000001 00000000000000000000000000100011 10000000000000000000100000000000 00000001000000000000000000000000 00000000001011000000001111111111
00000000000000000000001010011010 00000000000000000000000000000001 00000000000000000000000000000101 00000000000000000000000000000001 00000000000000000000000000100100 00000000000000000000000000000000 00000000001000001001000000110001 10100100000000000000010111011100
00000000000000000000001010011010 00000000000000000000000000000001 00000000000000000000000000000101 00000000000000000000000000000001 00000000000000000000000000100101 00000000000000000000000000000000 00000000001000001001010000110001 10110100000000000000010111011100
00000000000000000000001010011010 00000000000000000000000000000001 00000000000000000000000000000101 00000000000000000000000000000001 00000000000000000000000000100110 00000000000000000000000000000000 00000000001000001000010000110001 10010100000000000000010111011100
00000000000000000000001010011010 00000000000000000000000000000001 00000000000000000000000000000101 00000000000000000000000000000001 00000000000000000000000000100111 00000000000000000000000000000000 00000000001000001110010000110001 10010111000000000000010111011100
00000000000000000000001010011010 00000000000000000000000000000001 00000000000000000000000000000101 00000000000000000000000000000001 00000000000000000000000000101000 00000000000000000000000000000000 00000000001000001110110000110001 10011111000000000000010111011100
00000000000000000000001010011010 00000000000000000000000000000001 00000000000000000000000000000101 00000000000000000000000000000001 00000000000000000000000000101001 00000000000000000000000000000000 00000000001000001110100000110001 10001111000000000000010111011100
00000000000000000000001010011010 00000000000000000000000000000001 00000000000000000000000000000101 00000000000000000000000000000001 00000000000000000000000000101010 00000000000000000000000000000000 00000000001000001000100000110001 10001100000000000000010111011100
00000000000000000000001010011010 00000000000000000000000000000001 00000000000000000000000000000101 00000000000000000000000000000001 00000000000000000000000000101011 00000000000000000000000000000000 00000000001000001000000000110001 10000100000000000000010111011100
00000000000000000000001010011010 00000000000000000000000000000001 00000000000000000000000000000101 00000000000000000000000000000001 00000000000000000000000000101100 10000000000000000000010000000000 00000001000000000000000000000000 00000000001100010000001111111111
00000000000000000000001010011010 00000000000000000000000000000001 00000000000000000000000000000101 00000000000000000000000000000001 00000000000000000000000000101101 00000000000000000000000000000000 00000000011000001000000000010001 00000100000000000000000000010000
00000000000000000000001010011010 00000000000000000000000000000001 00000000000000000000000000000101 00000000000000000000000000000001 00000000000000000000000000101110 00000000000000000000000000000000 00000000010000000000000000010001 00000000000000000000000000001010
00000000000000000000001010011010 00000000000000000000000000000001 00000000000000000000000000000101 00000000000000000000000000000001 00000000000000000000000000101111 00000000000000000000000000000000 00000000010000000000000001010101 01000000000000000000000000000100
00000000000000000000001010011010 00000000000000000000000000000001 00000000000000000000000000000101 00000000000000000000000000000001 00000000000000000000000000110000 00000000000000000000000000000000 00000000010000000000000001000100 01000000000000000000000000001110
00000000000000000000001010011010 00000000000000000000000000000001 00000000000000000000000000000101 00000000000000000000000000000001 00000000000000000000000000110001 10000000000000000000100100000000 00000100000000000000000000000000 00000000001110110000001111111111
00000000000000000000001010011010 00000000000000000000000000000001 00000000000000000000000000000101 00000000000000000000000000000001 00000000000000000000000000110010 00000000000000000000000000000000 00000000010000000000000001000100 01000000000000000000000000010010
00000000000000000000001010011010 00000000000000000000000000000001 00000000000000000000000000000101 00000000000000000000000000000001 00000000000000000000000000110011 00000000000000000000000000000000 00000000010000000000000001100100 11000000000000000000000000000100
00000000000000000000001010011010 00000000000000000000000000000001 00000000000000000000000000000101 00000000000000000000000000000001 00000000000000000000000000110100 00000000000000000000000000000000 00000000010000000000000000100000 10000000000000000000000000100000
00000000000000000000001010011010 00000000000000000000000000000001 00000000000000000000000000000101 00000000000000000000000000000001 00000000000000000000000000110101 00000000000000000000000000000000 00000000010000000000000000110001 10000000000000000000000000000100
00000000000000000000001010011010 00000000000000000000000000000001 00000000000000000000000000000101 00000000000000000000000000000001 00000000000000000000000000110110 00000000000000000000000000000000 00000000010000000000000000010001 00000000000000000000000000001010
00000000000000000000001010011010 00000000000000000000000000000001 00000000000000000000000000000101 00000000000000000000000000000001 00000000000000000000000000110111 00000000000000000000000000000000 00000000011000001000000000010001 00000100000000000000000000000110
00000000000000000000001010011010 00000000000000000000000000000001 00000000000000000000000000000101 00000000000000000000000000000001 00000000000000000000000000111000 00000000000000000000000000000000 00000000010000000000000000010001 00000000000000000000000000001010
00000000000000000000001010011010 00000000000000000000000000000001 00000000000000000000000000000101 00000000000000000000000000000001 00000000000000000000000000111001 00000000000000000000000000000000 00000000010000000000000001010101 01000000000000000000000000000100
00000000000000000000001010011010 00000000000000000000000000000001 00000000000000000000000000000101 00000000000000000000000000000001 00000000000000000000000000111010 00000000000000000000000000000000 00000000010000000000000001000100 01000000000000000000000000001110
00000000000000000000001010011010 00000000000000000000000000000001 00000000000000000000000000000101 00000000000000000000000000000001 00000000000000000000000000111011 10000000000000000000011100000000 00000001000000000000010100000001 00000000010000110000000000100011
00000000000000000000001010011010 00000000000000000000000000000001 00000000000000000000000000000101 00000000000000000000000000000001 00000000000000000000000000111100 00000000000000000000000000000000 00000000010000000000000001000100 01000000000000000000000000010010
00000000000000000000001010011010 00000000000000000000000000000001 00000000000000000000000000000101 00000000000000000000000000000001 00000000000000000000000000111101 00000000000000000000000000000000 00000000010000000000000001100100 11000000000000000000000000000100
00000000000000000000001010011010 00000000000000000000000000000001 00000000000000000000000000000101 00000000000000000000000000000001 00000000000000000000000000111110 00000000000000000000000000000000 00000000010000000000000000100000 10000000000000000000000000100000
00000000000000000000001010011010 00000000000000000000000000000001 00000000000000000000000000000101 00000000000000000000000000000001 00000000000000000000000000111111 00000000000000000000000000000000 00000000010000000000000000110001 10000000000000000000000000000100
00000000000000000000001010011010 00000000000000000000000000000001 00000000000000000000000000000101 00000000000000000000000000000001 00000000000000000000000001000000 00000000000000000000000000000000 00000000010000000000000000110001 10000000000000000000000000001010
00000000000000000000001010011010 00000000000000000000000000000001 00000000000000000000000000000101 00000000000000000000000000000001 00000000000000000000000001000001 00000000000000000000000000000000 00000000011000001000000000110001 10000100000000000000000000010000
00000000000000000000001010011010 00000000000000000000000000000001 00000000000000000000000000000101 00000000000000000000000000000001 00000000000000000000000001000010 00000000000000000000000000000000 00000000001000001000000000110001 10000100000000000000010111011100
00000000000000000000001010011010 00000000000000000000000000000001 00000000000000000000000000000101 00000000000000000000000000000001 00000000000000000000000001000011 10000000000000000000000100000000 00000001000000000000000000000000 00000000000000000000001111111111
00000000000000000000001010011010 00000000000000000000000000000001 00000000000000000000000000000101 00000000000000000000000000000001 00000000000000000000000001000100 00000000000000000000000000000000 00000000001000001000000000111011 10000100000000000000010111011100
00000000000000000000001010011010 00000000000000000000000000000001 00000000000000000000000000000001 00000000000000000000000000000010
00000000000000000000001010011010 00000000000000000000000000000000 00000000000000000000000000000010 00000000000000000000000000000101 00000000000000000000000000000001
00000000000000000000001010011010 00000000000000000000000000000000 00000000000000000000000000000011 00000000000000010000000000000000 00000000000000100000000000011000 00000000001000000000000000000000
00000000000000000000001010011010 00000000000000000000000000000000 00000000000000000000000000000011 00000000000000010000000000000000 00000000000000100000000000011000 00000000001100000000000000000000
00000000000000000000001010011010 00000000000000000000000000000000 00000000000000000000000000000011 00000000000000010000000000000000 00000000000000100000000000011000 00000000001110000000000000000001
00000000000000000000001010011010 00000000000000000000000000000000 00000000000000000000000000000011 00000000000000010000000000000000 00000000000000110000000000011000 00000000001000000000000000000000
00000000000000000000001010011010 00000000000000000000000000000000 00000000000000000000000000000011 00000000000000010000000000000000 00000000000000110000000000011000 00000000001100000000000000000000
00000000000000000000001010011010 00000000000000000000000000000000 00000000000000000000000000000011 00000000000000010000000000000000 00000000000000110000000000011000 00000000001110000000000000000001
00000000000000000000001010011010 00000000000000000000000000000000 00000000000000000000000000000011 00000000000000010000000000000000 00000000000000100000000000011000 00000000000000001000100011000001
00000000000000000000001010011010 00000000000000000000000000000000 00000000000000000000000000000011 00000000000000010000000000000000 00000000000000100000000000011000 00000000000000011000100011000001
00000000000000000000001010011010 00000000000000000000000000000000 00000000000000000000000000000011 00000000000000010000000000000000 00000000000000110000000000011000 00000000000000001000100011000001
00000000000000000000001010011010 00000000000000000000000000000000 00000000000000000000000000000011 00000000000000010000000000000000 00000000000000110000000000011000 00000000000000011000100011000001
00000000000000000000001010011010 00000000000000000000000000000000 00000000000000000000000000000011 00000000000000010000000000000000 00000000000000010000000100010000 00000000000000000000000010000000
00000000000000000000001010011010 00000000000000000000000000000000 00000000000000000000000000000011 00000000000000010000000000000000 00000000000000000000000100010000 00000000000000000000000010000000
00000000000000000000001010011010 00000000000000000000000000000000 00000000000000000000000000000011 00000000000000010000000000000000 00000000000000010000000100010000 00000000000000000000000100000000
00000000000000000000001010011010 00000000000000000000000000000000 00000000000000000000000000000011 00000000000000010000000000000000 00000000000000000000000100010000 00000000000000000000000100000000
00000000000000000000001010011010 00000000000000000000000000000000 00000000000000000000000000000011 00000000000000010000000000000000 00000000000000010000000100010000 00000000000000000000001001000001
00000000000000000000001010011010 00000000000000000000000000000000 00000000000000000000000000000011 00000000000000010000000000000000 00000000000000000000000100010000 00000000000000000000001001000001
00000000000000000000001010011010 00000000000000000000000000000000 00000000000000000000000000000011 00000000000000010000000000000000 00000000000000010000000100010000 00000000000000000000001101010101
00000000000000000000001010011010 00000000000000000000000000000000 00000000000000000000000000000011 00000000000000010000000000000000 00000000000000000000000100010000 00000000000000000000001101010101
00000000000000000000001010011010 00000000000000000000000000000000 00000000000000000000000000000011 00000000000000010000000000000000 00000000000000010000000100010000 00000000000000000000010001010101
00000000000000000000001010011010 00000000000000000000000000000000 00000000000000000000000000000011 00000000000000010000000000000000 00000000000000000000000100010000 00000000000000000000010001010101
00000000000000000000001010011010 00000000000000000000000000000000 00000000000000000000000000000010 00000000000000000000000000000011 00000000000000000000000000000001
00000000000000000000001010011010 00000000000000000000000000000000 00000000000000000000000000000010 00000000000000000000000000000100 00000000000000000000000000000001